14
3
91
134
106
123
89
96
167
58
49
186
135
85
193
172
14
73
192
57
79
36
120
170
194
134
184
86
180
194
154
139
66
133
154
104
38
97
105
142
13
191
119
38
186
25
194
177
173
42
91
148
15
97
42
53
44
65
90
124
114
190
101
187
8
17
111
122
5
29
126
94
106
106
188
59
110
43
133
111
8
192
18
116
49
145
49
170
20
114
165
138
175
112
122
104
57
51
37
71
193
105
61
74
133
162
131
88
121
180
180
137
133
71
83
110
42
177
147
161
109
28
144
53
29
66
79
13
136
143
171
89
135
161
58
122
178
56
184
191
40
60
155
71
140
42
76
187
86
8
5
47
30
18
149
174
138
179
24
42
73
176
1
37
36
108
41
40
119
119
19
163
120
54
116
66
50
122
155
142
68
170
161
161
133
125
160
93
183
45
143
189
48
176
77
190
110
6
191
16
12
90
188
128
23
11
93
8
63
173
176
72
195
114
72
119
18
77
18
107
10
196
99
88
121
111
61
141
136
183
106
84
194
132
111
7
65
26
16
138
170
102
168
7
61
167
137
177
153
190
167
105
50
131
6
21
31
51
187
134
16
103
40
69
55
17
46
74
185
122
174
100
69
20
130
132
173
156
47
107
151
61
105
94
194
195
91
189
15
140
142
10
104
48
50
120
87
177
147
169
121
19
31
156
143
83
58
6
127
131
15
73
24
87
170
123
158
11
47
7
94
75
182
186
128
193
180
62
114
166
181
101
103
22
125
112
38
106
56
9
67
169
147
145
113
63
145
55
89
86
42
143
117
57
170
115
39
29
58
70
119
50
128
53
53
32
177
59
128
10
83
168
172
6
176
135
133
156
54
99
125
146
58
59
141
56
63
131
48
160
166
4
195
147
131
165
23
40
26
181
88
17
110
180
10
75
59
19
189
5
14
176
80
86
55
112
50
57
73
99
152
162
85
5
7
194
117
179
73
185
187
163
164
171
64
51
99
26
49
107
115
190
143
79
180
24
162
178
180
15
189
108
121
49
194
42
118
108
84
182
179
1
89
133
187
178
14
111
93
92
18
140
65
129
183
141
124
174
120
109
15
184
90
126
77
58
48
56
105
29
121
61
114
173
86
81
185
119
159
84
161
88
9
129
129
167
130
167
21
114
99
104
40
109
162
53
43
109
162
67
153
1
115
126
76
108
191
121
61
161
141
80
135
139
154
54
172
107
139
72
122
86
186
179
147
34
47
13
13
98
42
46
187
138
144
163
184
82
162
107
21
59
130
72
183
29
92
138
58
125
131
183
170
82
121
119
71
12
33
191
49
138
193
185
89
190
152
76
41
181
50
34
80
174
69
123
75
28
186
20
63
20
16
77
160
98
59
150
123
145
80
79
169
115
75
98
124
89
123
58
145
52
36
84
133
54
137
91
131
76
5
24
157
9
9
153
101
13
37
150
182
23
194
109
69
83
51
136
140
32
182
142
16
61
175
185
38
164
127
11
61
125
84
29
156
184
135
80
70
2
137
119
86
119
38
61
100
27
101
136
20
90
185
25
137
15
140
140
24
12
2
58
86
62
111
122
4
51
129
5
31
138
115
137
95
145
1
164
36
46
169
149
86
60
114
38
106
145
184
80
117
74
19
51
63
165
151
73
129
159
103
41
24
165
130
179
88
55
58
3
111
5
87
137
61
41
167
69
44
24
55
168
106
95
12
153
124
49
47
170
87
172
174
165
21
174
22
82
61
24
168
20
1
91
138
119
120
180
68
18
88
101
79
103
22
191
141
115
162
131
135
35
24
139
51
184
191
27
172
107
103
163
24
166
190
92
121
119
160
111
117
68
139
82
137
57
143
160
135
63
78
152
62
114
23
110
132
163
63
52
61
113
135
120
24
177
78
193
146
58
151
114
159
171
188
86
159
160
60
134
195
195
153
71
137
41
118
2
30
104
102
119
77
103
17
52
87
88
187
28
45
55
163
70
96
75
78
6
91
8
191
182
131
91
193
47
1
14
163
169
185
189
107
126
133
44
44
6
20
175
144
189
99
171
73
188
122
53
62
40
138
7
152
149
95
148
92
20
132
4
185
55
51
67
73
42
174
57
66
33
191
59
181
23
146
15
141
43
171
21
126
62
50
46
108
1
107
80
116
191
95
195
172
195
81
20
75
192
151
108
161
189
55
116
61
27
68
61
96
52
34
169
92
115
16
190
33
62
87
101
50
156
128
181
37
133
40
23
53
161
31
168
115
112
63
104
60
58
58
119
43
43
192
56
65
170
137
43
70
6
101
6
152
100
194
170
127
162
168
83
162
23
26
155
129
53
50
180
70
143
2
54
61
2
135
27
127
182
41
88
119
73
124
91
149
193
82
20
167
132
42
152
171
43
111
135
79
93
26
69
32
61
78
37
34
150
114
191
81
86
60
17
24
69
111
39
45
167
37
192
196
92
113
49
14
55
73
159
30
153
22
25
93
22
56
159
18
112
45
131
104
86
48
185
7
167
66
55
167
184
189
193
88
71
29
55
109
118
144
187
191
34
20
11
54
45
29
30
31
43
113
143
56
5
123
52
90
39
187
191
170
31
121
190
121
56
64
10
165
101
22
78
97
146
96
110
15
187
195
23
82
174
87
31
36
123
21
46
73
141
88
122
145
122
113
65
165
43
11
16
126
161
153
46
52
8
157
94
153
63
116
30
48
123
24
151
36
53
62
142
50
21
171
140
41
28
48
30
174
14
108
90
134
3
114
185
159
161
81
121
142
64
147
39
187
189
37
45
84
74
159
14
138
49
156
180
173
111
28
188
77
94
154
155
19
118
162
160
46
182
16
196
37
155
6
71
133
95
89
95
85
84
143
4
185
122
127
54
180
44
158
132
102
72
29
9
1
80
131
106
47
184
8
40
195
130
160
94
53
165
137
28
46
107
94
115
12
20
186
58
144
178
191
137
145
157
81
23
74
172
88
86
12
123
189
57
192
67
181
184
177
7
114
39
70
67
74
59
165
53
8
126
130
179
45
189
188
162
94
30
73
59
192
126
86
13
179
37
144
157
112
40
31
156
184
168
44
59
80
59
9
111
140
58
49
115
80
133
161
21
92
13
130
159
170
121
97
87
192
124
46
53
113
85
174
170
131
109
128
188
73
5
127
156
30
154
67
111
43
136
42
118
14
163
155
144
99
190
43
109
55
133
8
91
25
7
156
84
70
164
97
128
27
123
11
104
149
59
127
74
194
70
47
98
189
160
80
33
93
88
148
166
34
52
143
144
53
110
189
15
158
91
192
122
144
120
15
113
62
174
96
146
165
193
115
142
178
7
36
167
65
189
33
154
139
177
70
116
184
141
87
109
8
46
43
15
79
182
34
185
150
148
29
16
156
15
89
178
153
28
176
17
141
130
158
10
184
136
51
180
52
26
195
127
22
104
169
194
51
29
151
40
183
22
100
97
96
131
154
182
188
95
65
19
2
125
7
79
195
190
88
73
162
71
93
75
94
167
112
187
163
41
28
173
114
81
50
101
78
119
170
116
146
162
165
187
176
37
173
136
172
80
55
103
104
93
80
11
37
33
11
35
121
176
153
151
170
103
15
187
18
146
38
183
195
163
120
111
72
24
121
154
143
49
72
80
179
13
18
40
99
69
32
47
52
83
6
188
98
16
146
60
136
29
156
121
54
107
180
106
130
152
157
160
121
86
128
82
22
12
165
126
20
19
83
107
54
131
74
40
76
65
162
63
122
32
149
175
130
100
1
173
27
126
138
152
146
119
133
190
47
33
81
167
35
98
44
10
64
9
33
83
86
151
93
113
30
106
80
70
50
140
131
74
131
188
118
123
189
18
95
60
46
84
3
7
56
46
96
55
154
71
171
26
13
3
153
149
31
167
96
105
158
115
178
162
126
156
150
150
67
87
13
140
173
69
132
134
195
155
139
131
80
144
71
79
169
130
157
3
53
60
42
132
13
160
38
114
181
123
183
12
175
149
111
90
11
9
148
47
156
39
108
195
31
175
101
22
112
168
117
17
15
95
73
10
123
88
87
113
170
39
116
178
78
78
154
171
84
124
95
76
13
93
15
54
34
75
177
21
52
59
155
194
54
78
52
46
8
164
29
139
81
186
35
85
63
49
139
132
116
1
11
124
91
87
90
27
26
144
26
163
186
194
162
150
55
23
121
140
31
8
194
35
115
121
44
181
172
191
148
102
127
6
191
99
195
26
122
3
40
177
107
70
167
49
15
132
31
14
67
118
22
69
130
100
112
78
100
26
2
37
119
137
76
155
114
49
135
115
7
122
85
76
69
76
111
194
38
168
6
119
188
116
136
39
132
1
36
116
70
182
112
159
78
103
109
92
43
187
136
52
47
105
43
146
103
70
78
177
74
127
84
13
48
78
86
25
71
163
110
1
56
19
140
56
135
85
66
169
67
171
72
92
78
32
70
47
84
16
77
5
158
190
57
161
87
51
107
148
31
107
53
57
184
127
52
105
144
33
33
194
34
38
153
165
192
108
124
40
148
52
101
5
141
34
14
115
25
37
191
90
168
54
16
77
92
32
52
101
146
63
82
148
22
124
28
175
31
118
125
16
34
70
120
119
102
96
194
97
21
27
146
23
177
32
57
76
124
1
194
47
111
196
11
24
102
9
23
68
183
174
35
148
2
98
194
16
168
95
127
145
160
86
77
161
77
96
75
133
32
58
152
151
116
192
30
118
123
154
72
184
113
146
6
44
75
58
65
89
53
174
196
173
180
76
65
147
48
96
5
114
59
23
51
30
153
101
115
142
68
102
137
4
74
143
38
134
148
19
189
91
117
57
87
131
137
164
161
61
103
70
172
26
1
107
178
133
48
169
149
27
166
29
45
123
118
102
144
169
149
102
170
31
24
117
107
101
65
114
18
34
105
145
44
17
101
127
120
168
48
123
195
180
20
178
143
30
163
172
156
145
174
9
34
122
158
181
104
60
160
152
66
173
68
132
73
179
53
156
116
74
137
18
58
100
139
145
149
13
32
59
85
80
91
117
165
137
158
69
44
35
28
39
66
179
161
138
133
4
27
64
169
22
48
164
114
79
178
188
92
162
21
124
181
22
57
26
44
40
185
193
177
21
75
52
19
71
95
101
125
183
23
4
109
57
137
132
194
132
93
112
186
188
174
8
34
122
165
119
94
18
178
86
70
68
120
111
68
105
120
126
50
16
8
77
150
67
46
107
1
56
156
2
172
64
64
87
62
143
160
175
25
26
15
10
148
101
104
162
195
195
111
25
21
37
153
28
92
83
18
137
38
194
110
102
68
107
185
17
134
43
134
62
182
139
161
169
7
106
121
126
1
3
74
149
29
66
76
25
97
83
167
136
110
170
8
9
184
112
39
182
88
99
124
41
153
60
85
146
37
196
186
120
21
87
140
86
121
18
193
58
147
120
167
176
196
154
85
33
52
20
142
135
79
28
191
161
30
49
159
51
187
193
154
35
46
123
98
126
13
58
51
130
175
61
187
7
64
89
20
67
124
113
48
153
174
91
126
49
27
44
86
118
91
25
5
59
72
118
191
146
137
13
29
122
139
35
139
130
151
96
80
14
153
143
180
21
83
34
182
125
88
10
109
68
144
87
153
109
3
135
44
86
185
118
144
108
118
135
158
67
68
28
18
108
165
109
33
171
132
87
154
149
65
36
61
86
119
46
177
89
96
111
185
160
172
39
184
162
89
98
77
40
130
78
80
78
19
2
45
155
80
57
84
54
87
119
45
29
106
105
43
127
133
21
88
148
81
134
24
173
174
71
195
23
164
104
93
77
146
177
112
97
61
62
9
114
84
151
115
173
185
12
84
51
176
114
3
67
112
64
39
10
134
81
70
14
86
17
94
184
67
175
6
50
149
76
64
87
84
98
153
77
108
151
140
124
63
12
187
90
192
81
15
105
28
113
192
23
165
15
60
106
164
160
78
89
82
75
13
185
58
106
9
97
141
82
28
188
97
146
164
57
32
16
151
64
110
172
76
82
3
101
139
129
57
84
2
5
7
71
59
13
79
153
110
143
95
24
36
104
72
86
174
38
188
20
83
120
34
98
161
165
56
21
76
108
172
121
144
37
186
112
190
53
115
176
81
98
174
109
57
172
24
83
31
41
93
149
116
103
163
108
128
72
179
16
94
140
100
88
127
169
46
162
196
6
5
56
184
190
110
61
144
60
147
119
150
135
84
151
166
139
192
169
115
28
109
104
90
104
62
25
131
14
101
52
132
17
9
28
12
36
75
102
157
155
147
195
123
63
73
46
77
150
29
38
41
90
21
54
124
49
58
18
12
49
157
23
49
179
150
61
113
153
184
75
36
115
52
177
31
168
174
170
157
119
146
103
58
178
40
46
93
167
164
100
95
113
98
3
164
117
26
56
138
98
163
74
170
75
5
196
44
113
188
1
79
33
51
165
89
68
78
81
107
186
74
192
102
64
108
170
72
196
158
43
98
194
75
148
12
30
144
73
91
119
76
116
76
63
62
72
12
148
17
135
46
168
57
43
86
141
130
14
5
77
13
16
37
157
75
180
63
49
144
128
61
56
6
74
4
162
180
174
98
36
6
124
11
179
101
173
150
125
72
59
83
148
178
189
77
75
95
38
178
86
72
145
66
58
140
129
54
75
66
14
184
145
135
184
99
159
151
85
188
20
190
154
196
125
89
160
133
106
43
173
51
46
48
105
173
20
33
70
110
129
163
162
81
172
169
126
109
129
181
47
193
61
83
30
8
56
182
149
192
123
33
91
161
179
191
178
161
59
48
1
9
30
2
83
105
36
16
157
95
117
25
74
139
37
60
166
20
137
99
72
107
3
163
60
191
77
63
94
156
26
94
91
186
167
157
183
148
103
93
60
158
176
4
130
112
5
14
88
19
98
195
60
114
69
156
9
186
36
165
137
163
40
38
91
92
125
152
179
193
90
171
176
5
93
54
98
67
136
24
171
146
186
36
164
154
54
119
97
125
123
116
129
10
4
23
51
95
77
162
109
186
95
35
168
188
193
38
148
74
111
24
116
25
152
124
167
170
142
5
160
95
72
120
90
131
121
62
128
169
48
15
148
191
132
118
66
111
110
130
181
44
118
112
3
179
58
120
62
20
71
100
97
178
27
66
48
4
122
12
49
3
181
86
82
158
36
43
106
193
31
149
32
34
100
141
11
56
178
89
193
121
165
5
112
119
77
54
100
148
76
27
168
176
127
15
166
83
23
92
11
155
87
55
181
163
30
15
73
61
166
112
86
13
54
111
193
117
22
194
94
117
167
72
109
13
82
150
60
33
4
9
106
4
66
4
32
43
110
125
177
81
176
66
85
17
29
149
140
179
160
180
133
70
158
168
98
6
134
2
84
24
98
186
98
40
132
143
196
140
46
132
84
189
79
15
183
41
166
48
35
14
137
56
132
100
34
91
171
160
35
41
191
171
165
155
63
87
110
195
7
122
179
8
111
13
16
82
7
2
119
125
69
16
127
151
59
165
167
36
88
87
46
81
127
177
172
42
85
186
167
37
96
196
51
73
20
194
168
38
121
25
104
63
67
49
155
67
192
179
181
69
26
37
149
88
125
123
186
20
177
157
31
76
47
77
162
121
51
71
109
8
108
155
192
19
85
186
101
92
137
109
10
93
164
1
164
93
165
96
103
35
134
62
29
137
41
166
180
128
56
144
138
67
20
42
151
84
176
5
13
180
90
45
25
170
194
43
68
22
114
16
191
123
83
43
128
18
43
181
191
18
110
126
62
86
95
22
162
52
78
22
78
34
160
82
9
41
138
27
11
82
83
123
173
119
44
72
186
4
82
42
182
173
23
122
148
103
178
148
34
46
43
125
71
58
67
172
35
183
111
149
183
121
153
178
155
129
29
119
18
59
151
128
11
21
141
87
41
47
171
125
188
5
4
16
80
144
75
165
183
113
89
166
97
8
112
27
74
179
146
85
155
187
174
17
32
162
92
2
36
69
173
56
140
20
56
35
154
14
167
102
87
87
109
50
119
193
110
85
37
56
42
11
101
105
179
84
107
154
29
136
33
155
102
110
166
8
101
90
49
191
145
65
168
140
112
188
145
143
195
8
14
144
96
192
180
22
191
61
133
171
89
94
56
40
68
152
57
4
6
166
96
174
69
194
75
56
87
32
99
21
38
187
112
187
58
82
153
148
188
130
89
117
70
165
28
100
191
166
66
177
63
5
170
110
21
140
85
53
149
95
84
64
73
22
13
43
67
81
103
9
50
182
9
137
134
28
63
131
193
76
6
98
106
16
98
181
39
33
190
82
69
85
126
91
36
70
184
103
133
152
2
91
189
136
161
75
76
120
19
71
150
62
138
19
147
135
124
100
53
30
135
172
84
157
105
6
31
17
48
173
175
22
29
12
68
114
102
147
196
127
91
143
9
57
36
108
33
61
21
53
26
100
127
144
108
96
97
141
192
55
14
46
74
152
176
15
13
53
19
193
40
6
45
68
16
17
11
2
162
83
154
162
3
140
48
153
94
64
166
186
143
196
48
128
79
194
98
138
142
122
7
16
76
134
189
4
125
94
124
106
68
155
128
92
14
144
147
97
180
155
150
63
171
6
137
126
112
168
14
108
164
26
123
187
23
149
58
98
9
22
25
61
56
92
132
35
127
89
14
25
137
183
24
125
11
58
182
164
22
39
77
91
35
174
10
24
74
184
84
171
39
107
74
125
185
34
52
112
153
94
113
3
49
185
28
2
129
6
196
53
193
3
11
130
183
129
24
20
148
138
148
60
24
134
110
126
68
94
196
83
177
65
93
65
72
11
74
101
55
15
166
103
139
135
176
128
186
133
61
183
94
149
190
48
122
53
143
159
41
101
190
167
49
60
73
32
22
189
166
155
165
107
38
1
77
194
72
183
124
171
150
35
20
29
119
123
142
31
173
69
127
68
79
103
71
5
147
118
6
15
62
120
164
163
137
43
65
120
102
164
130
16
191
153
90
17
172
126
64
189
27
181
82
164
66
195
196
114
67
82
108
164
56
59
190
191
163
195
62
72
139
2
188
183
14
81
160
141
37
132
50
93
123
26
121
91
91
79
172
30
28
135
73
158
109
56
117
91
31
157
21
56
93
81
145
84
97
123
99
77
79
62
36
81
36
100
1
183
64
23
32
19
88
114
115
189
111
33
117
84
193
167
8
49
88
23
195
128
191
83
73
144
179
113
177
7
27
118
54
26
182
48
97
147
186
108
136
63
180
157
111
150
94
82
70
152
145
148
155
44
101
64
129
60
133
147
77
52
83
182
46
8
116
115
67
159
42
83
192
29
158
130
135
128
147
167
164
58
31
123
113
184
118
171
110
128
182
122
131
33
78
181
27
183
53
15
184
90
135
150
178
89
95
70
113
130
11
81
159
128
85
32
164
173
175
76
18
161
182
108
65
177
58
170
125
178
8
74
121
64
10
16
102
149
78
20
164
8
130
109
118
61
141
143
80
31
172
106
65
96
180
96
65
119
119
194
8
144
59
166
146
73
121
124
6
88
145
77
181
168
107
179
102
116
74
116
107
20
81
118
191
15
147
43
2
87
66
8
124
68
45
139
7
171
159
99
100
132
76
73
78
100
105
192
58
150
30
61
65
25
78
56
189
146
132
79
179
186
113
161
59
163
173
96
171
72
172
160
182
51
117
111
11
106
36
153
101
98
155
169
76
157
57
164
172
118
174
69
9
79
58
117
16
21
186
161
49
107
86
165
154
63
110
31
121
186
63
146
42
100
65
98
182
180
45
185
146
141
5
36
91
91
108
112
188
53
79
162
52
4
67
35
97
43
146
193
52
25
195
19
56
196
160
173
183
144
49
105
72
124
63
149
62
91
32
37
161
77
144
12
17
76
168
159
175
35
10
122
180
85
139
148
5
95
58
102
8
111
176
39
129
46
100
160
146
77
151
57
75
79
30
160
158
132
65
154
188
178
161
117
90
154
146
162
134
95
142
11
14
79
102
87
188
144
33
161
182
57
118
69
61
153
83
25
118
195
104
17
13
43
165
160
66
56
102
167
15
169
48
176
130
39
85
58
102
177
143
88
82
31
5
127
31
111
139
25
57
93
54
189
24
125
4
119
5
97
2
38
175
82
173
140
141
8
9
8
112
12
178
132
29
186
66
130
122
28
63
115
135
9
9
4
77
110
191
154
159
152
121
39
126
112
97
104
142
82
191
37
98
165
139
43
142
12
195
135
117
14
194
72
144
96
171
96
1
102
192
30
27
17
51
28
10
48
155
187
48
142
119
119
59
129
180
125
118
66
54
18
177
177
167
117
82
186
122
105
39
179
1
127
24
20
183
185
31
113
115
183
3
61
62
67
93
137
34
14
66
106
90
130
190
21
81
166
130
129
66
106
7
161
70
11
105
42
195
94
92
112
114
51
81
138
74
156
71
70
67
152
173
66
34
7
181
136
103
178
162
184
75
17
190
186
50
81
27
168
150
119
114
172
22
5
11
65
147
184
146
65
47
169
164
191
128
170
100
176
118
123
53
1
108
14
148
25
157
163
22
107
70
49
143
48
138
140
131
72
152
103
76
21
41
6
109
36
159
81
20
105
177
113
94
98
19
54
171
120
30
68
104
135
168
75
180
65
37
126
124
128
73
32
126
74
115
63
9
9
187
35
88
38
169
120
126
20
169
154
32
32
63
151
131
46
35
104
18
157
40
39
125
120
9
144
100
14
192
165
128
52
17
117
34
59
182
147
129
152
167
48
63
30
100
41
76
167
54
173
96
34
31
39
192
157
38
41
95
114
79
175
132
103
119
153
31
85
47
162
107
80
115
69
124
189
20
33
110
150
29
140
159
183
29
173
44
144
36
134
3
50
12
22
138
62
25
156
162
7
153
1
110
111
40
84
28
6
156
95
162
91
107
15
34
24
116
129
103
70
155
85
16
177
133
135
178
170
102
139
142
11
77
174
182
182
124
114
106
28
159
157
161
168
47
180
99
166
1
57
196
134
96
67
187
118
104
19
8
25
44
40
90
94
95
72
2
16
108
132
56
184
74
65
52
144
98
85
158
185
102
134
158
167
104
110
187
165
97
34
107
107
13
89
165
164
147
16
43
111
144
38
113
42
137
16
140
181
169
157
72
139
86
105
23
161
8
72
19
34
27
110
96
17
87
44
152
98
55
176
15
27
177
190
129
154
153
179
131
178
31
82
159
159
196
171
38
37
131
38
193
127
35
55
127
145
193
151
129
117
120
131
102
44
160
123
118
75
105
128
124
131
30
111
72
179
12
90
86
115
37
20
73
45
103
34
195
61
156
79
46
116
181
140
71
160
145
10
186
121
137
190
28
40
1
165
71
52
67
119
164
130
114
178
25
88
6
190
131
192
90
155
10
46
23
100
3
180
52
165
97
4
33
104
132
98
106
13
115
115
42
19
43
38
77
52
38
103
78
25
151
7
103
159
79
51
66
13
98
23
15
35
178
179
26
115
113
139
38
42
153
160
146
107
120
164
85
94
145
30
125
152
108
183
149
93
66
106
21
113
14
187
80
196
194
124
20
96
50
4
152
188
5
22
86
155
32
157
139
108
105
133
15
154
58
63
92
10
21
44
25
171
13
149
21
120
59
144
149
120
31
151
39
114
107
131
20
38
182
172
122
174
68
194
104
195
177
35
70
187
62
17
79
61
179
17
105
25
83
112
114
106
111
146
93
59
53
142
95
170
111
7
140
119
138
97
177
45
157
124
172
126
55
92
161
180
20
75
79
183
63
148
60
170
130
69
69
113
1
178
25
94
96
109
157
69
192
144
183
73
101
195
141
100
87
182
125
88
127
196
110
179
133
55
109
190
95
95
123
29
195
101
38
2
176
2
60
12
153
14
14
65
23
69
187
18
21
33
61
35
154
155
39
142
15
3
182
167
118
187
147
152
176
104
35
89
194
138
150
2
136
145
102
137
171
97
151
104
8
75
9
4
128
65
39
144
45
112
33
13
158
68
119
118
184
163
188
117
4
169
17
185
63
39
26
169
54
3
71
81
176
38
61
126
59
40
88
127
29
102
39
3
91
7
174
45
132
13
172
169
139
119
120
19
103
188
117
116
172
154
10
193
65
113
54
162
127
8
47
120
194
115
73
35
53
125
9
119
92
192
7
187
170
171
113
127
19
177
196
29
50
151
104
166
131
116
37
93
28
4
129
156
19
158
188
128
83
23
168
112
75
189
174
99
185
51
184
101
105
25
22
100
115
24
163
96
65
109
3
19
55
61
193
68
179
175
45
33
119
28
58
69
19
70
96
70
165
43
40
148
82
111
99
185
128
102
160
32
17
113
132
168
49
163
80
34
71
25
115
172
88
34
34
70
160
163
21
51
189
180
105
117
78
82
102
106
190
82
175
114
90
93
192
55
85
130
180
166
168
157
132
116
99
98
141
184
106
101
26
131
79
21
22
190
120
141
172
135
81
66
125
186
191
11
152
84
122
176
8
33
84
176
182
44
47
28
44
65
76
3
138
35
41
135
94
146
103
188
84
57
46
55
171
79
157
170
89
179
53
161
89
8
30
60
31
75
19
118
114
90
18
148
66
10
97
161
167
183
34
156
27
13
167
155
118
103
30
82
17
68
169
151
84
154
60
123
109
42
30
50
146
191
101
113
93
96
109
175
64
140
27
110
161
116
182
150
179
175
11
194
167
147
79
179
63
170
153
30
27
171
138
147
104
65
39
152
190
188
23
18
60
25
40
114
29
105
157
90
28
108
116
1
81
101
56
154
96
116
119
82
185
81
104
105
43
6
58
173
22
151
141
166
169
190
173
77
87
45
87
33
85
154
24
132
148
66
48
116
9
40
169
117
52
43
183
51
53
169
122
20
35
44
189
99
26
171
129
18
122
77
89
17
10
36
26
85
41
90
73
143
59
140
76
25
54
94
113
136
171
151
146
46
53
64
55
52
178
62
145
79
135
156
3
189
181
119
85
113
1
140
156
124
50
63
45
173
81
41
78
97
190
77
97
42
178
118
37
130
176
123
145
188
159
44
149
73
100
110
89
169
60
18
72
175
159
89
93
156
28
185
155
160
139
94
45
118
16
41
1
102
119
161
74
65
70
59
133
91
49
96
45
169
65
134
51
8
92
159
23
89
91
140
129
142
36
87
68
61
35
53
167
59
187
26
50
195
74
124
63
166
112
94
190
170
147
95
38
129
183
176
182
14
130
110
76
38
116
126
126
40
80
34
38
18
43
85
184
39
104
40
153
33
27
97
155
52
72
118
104
80
25
24
85
29
193
125
31
43
189
126
98
37
140
124
147
121
25
190
175
119
117
173
24
9
106
78
49
120
177
137
6
155
3
106
138
1
105
44
16
122
156
89
41
126
2
190
55
116
105
126
58
88
103
170
137
190
68
121
51
63
44
28
48
72
144
183
118
96
180
136
188
104
129
126
90
83
162
170
21
20
142
3
17
57
115
41
23
151
186
155
123
192
92
4
117
44
185
59
75
28
20
116
132
90
151
68
48
63
145
161
77
50
170
159
87
176
8
103
196
42
39
160
12
160
77
19
120
195
100
156
187
105
92
90
12
144
93
186
8
78
59
32
44
70
30
101
67
73
112
39
114
16
160
120
35
127
154
130
74
172
157
165
57
50
68
38
1
119
108
75
139
114
185
130
54
2
89
130
69
138
68
15
195
154
139
19
42
89
112
37
44
148
27
181
34
161
165
98
81
157
93
64
12
27
129
75
168
171
19
134
164
84
104
4
148
145
137
81
190
22
108
26
71
128
41
193
126
181
184
135
70
139
124
85
58
92
35
183
50
64
99
194
40
66
162
110
80
113
88
171
51
81
134
72
79
147
48
134
172
4
76
77
107
185
169
20
109
125
119
46
86
76
7
1
122
149
103
12
115
67
55
60
185
25
183
154
83
65
1
181
75
145
73
6
74
41
105
5
115
145
150
89
192
109
96
48
133
22
133
146
6
50
157
53
89
118
28
36
32
53
8
175
15
87
130
182
48
178
37
50
98
41
80
128
82
104
43
117
17
47
36
14
106
23
21
78
163
41
34
182
23
105
144
10
179
135
123
65
6
82
125
183
90
25
166
152
32
62
47
116
122
163
149
168
194
87
1
125
105
26
127
103
74
7
56
88
183
73
128
144
159
19
37
126
92
173
152
113
57
190
193
176
135
100
107
18
5
113
163
53
5
88
30
31
173
156
4
105
150
54
98
58
37
7
107
145
95
5
56
149
83
31
153
95
88
68
138
97
108
131
41
98
3
163
123
147
76
85
92
19
121
122
174
87
193
153
177
191
23
52
78
134
168
149
98
132
161
83
58
56
74
71
46
91
88
66
18
125
161
172
57
185
134
44
154
179
56
196
181
9
126
49
53
144
160
9
117
97
101
109
55
28
5
141
189
112
45
170
141
39
54
179
126
161
143
102
113
133
124
39
3
125
139
185
80
38
143
152
120
171
188
144
162
109
110
161
4
177
93
138
34
182
108
146
181
48
19
11
187
148
139
119
72
144
181
76
193
31
67
114
122
76
88
151
13
165
145
10
138
132
69
45
29
68
89
94
192
113
113
196
75
46
84
67
119
195
166
158
140
23
131
83
99
178
7
119
167
139
123
10
29
133
97
182
77
119
176
128
101
109
187
126
36
114
135
104
70
80
161
44
84
139
58
22
150
82
67
65
54
12
3
169
7
170
44
103
132
175
171
73
150
138
54
11
8
39
170
127
78
73
21
69
6
9
119
69
164
162
112
21
22
70
89
43
52
83
127
19
88
149
53
27
102
32
194
190
138
71
90
24
53
59
17
142
13
2
177
189
28
47
184
65
125
64
175
22
129
40
122
190
14
53
51
55
76
106
70
25
105
83
83
108
33
92
14
125
183
7
169
32
152
127
196
111
18
54
72
112
4
112
23
144
61
115
32
145
175
124
2
105
119
115
59
109
51
170
195
35
174
44
41
151
183
147
69
153
121
64
7
49
16
71
101
108
76
94
150
39
166
143
168
81
188
146
6
164
32
32
18
49
79
60
166
134
106
158
181
189
188
10
32
20
21
147
132
142
118
9
57
151
140
96
103
185
79
90
71
61
98
82
30
174
165
141
147
47
50
27
25
22
177
105
12
102
175
90
36
46
33
53
21
166
6
47
125
151
168
116
129
145
66
170
48
41
187
83
147
134
26
92
148
110
80
54
166
20
76
193
92
137
113
72
86
121
95
3
27
147
119
135
22
56
34
196
115
109
82
80
137
68
158
62
40
179
76
10
72
139
5
106
168
183
22
60
61
44
8
192
3
180
128
47
108
143
82
167
39
21
47
156
90
146
99
112
42
59
67
89
85
143
126
61
149
106
72
106
133
119
106
54
3
106
136
192
166
190
148
31
110
114
22
142
92
35
20
166
8
1
67
182
103
164
164
2
161
177
135
136
178
14
138
87
74
48
5
145
24
121
158
145
71
14
180
12
40
162
62
50
75
148
187
185
84
15
196
18
178
18
155
125
71
139
114
29
72
84
79
59
155
30
57
101
86
182
108
29
31
115
27
154
9
162
66
148
144
82
55
97
12
114
10
32
146
147
101
177
115
91
20
42
25
60
139
30
156
9
133
55
48
60
150
178
138
110
142
87
127
145
30
193
141
91
79
125
76
55
134
123
79
30
70
17
94
26
167
133
41
39
20
142
23
137
179
80
194
147
92
109
108
184
85
113
131
21
96
71
52
138
3
154
82
149
87
101
167
174
142
173
15
80
100
135
174
170
149
13
136
89
44
103
92
37
175
80
177
118
18
186
155
11
188
130
12
155
120
143
96
167
118
133
141
51
173
69
89
95
28
116
160
1
196
38
18
51
97
28
110
139
34
75
72
181
147
22
31
117
175
102
90
30
80
71
11
191
4
35
59
16
115
166
35
94
48
19
105
7
118
141
86
116
194
194
57
123
78
123
127
192
78
54
17
63
140
108
152
34
45
106
51
68
51
86
147
59
15
98
191
139
156
107
163
71
107
107
157
86
185
15
78
97
159
97
45
40
60
126
50
168
144
22
57
117
11
33
81
3
60
78
158
166
52
159
104
155
16
33
46
173
32
158
184
118
68
64
162
160
19
114
27
149
29
192
111
178
62
176
64
119
40
28
108
42
111
110
169
66
108
104
154
60
73
58
42
7
85
6
182
29
6
3
165
193
127
133
167
136
92
122
189
151
66
34
135
133
80
4
65
36
54
18
51
108
104
152
147
133
196
153
180
72
12
142
133
97
174
138
75
18
4
135
83
164
149
101
164
104
109
149
109
168
85
145
34
89
129
173
46
47
169
64
47
64
48
112
115
12
92
100
94
74
169
83
94
89
133
167
31
99
66
159
69
65
24
188
90
62
28
32
81
56
121
81
135
30
107
124
176
16
146
191
59
39
8
1
187
150
169
82
127
41
35
132
186
168
1
99
33
147
146
23
45
89
117
132
122
183
63
125
180
176
178
12
32
142
80
32
19
19
165
123
125
95
147
137
76
69
126
134
140
60
78
117
74
134
140
95
94
171
79
160
135
143
47
24
11
50
88
174
95
190
3
123
140
62
128
7
142
43
36
85
174
138
187
163
192
74
151
33
4
157
35
151
137
195
93
84
178
193
158
188
180
14
85
66
86
84
142
18
18
42
10
75
59
32
110
146
3
187
109
74
44
83
120
172
182
151
193
182
194
56
70
33
15
168
188
79
99
195
181
121
79
33
127
59
132
168
120
14
186
57
53
117
131
81
94
55
67
41
133
185
131
66
172
12
51
193
86
129
171
4
117
95
172
150
5
45
196
84
193
196
172
191
43
134
112
176
113
4
107
94
104
152
16
57
139
9
65
151
85
109
160
189
83
56
37
73
98
6
56
89
140
1
97
172
53
45
182
18
167
44
16
80
64
60
196
26
79
23
145
163
177
165
128
48
168
37
137
175
63
156
107
129
48
79
167
129
82
98
27
74
62
159
49
50
47
150
147
53
75
16
51
196
51
91
191
72
151
114
171
56
141
50
72
143
181
192
90
24
76
97
90
30
174
97
151
79
24
67
80
85
17
156
155
52
55
153
13
92
26
55
98
29
52
149
154
138
181
173
65
50
14
68
148
108
24
87
32
143
196
142
150
127
43
10
50
172
93
65
83
44
164
174
174
195
11
131
117
112
63
94
173
147
44
46
139
96
73
177
97
50
75
156
182
149
179
86
143
194
192
46
176
184
110
31
151
148
180
79
95
84
15
150
189
18
179
33
177
171
103
107
92
34
153
192
90
4
131
3
69
51
6
146
180
29
59
170
36
45
105
164
68
109
33
43
70
13
120
195
1
120
109
129
164
27
101
141
42
17
163
129
6
143
180
54
81
165
194
65
9
117
4
184
125
38
155
145
164
67
79
182
111
157
33
146
154
30
166
130
105
188
66
15
185
143
120
35
113
155
79
81
153
84
121
46
11
166
141
179
125
66
156
161
167
55
124
29
4
145
42
129
73
120
158
36
140
123
94
77
36
14
46
33
98
7
189
147
115
131
17
106
122
173
43
191
67
88
85
104
68
95
121
81
192
44
102
171
186
31
121
143
173
44
161
179
6
81
73
80
92
27
178
177
193
73
154
148
38
111
173
189
132
161
91
184
112
172
19
190
73
162
152
175
119
102
110
57
96
7
176
157
93
112
148
174
105
29
77
117
120
171
196
156
50
102
59
164
74
52
21
95
156
166
194
172
6
62
123
74
132
153
191
45
69
92
104
75
148
145
48
111
56
160
24
19
26
130
160
95
166
21
137
134
164
24
192
152
50
162
50
196
35
2
93
93
194
38
147
159
74
107
119
68
49
100
51
74
96
81
161
136
4
188
116
171
141
47
34
95
94
55
172
119
159
184
16
56
173
108
183
179
167
109
24
189
47
157
131
62
158
128
143
89
44
191
120
49
128
77
56
117
51
181
192
157
2
128
129
69
42
82
1
95
52
62
171
99
107
82
53
175
13
168
151
82
70
93
176
93
179
119
145
187
134
190
43
154
137
103
31
108
171
142
76
70
162
149
161
131
30
3
140
36
66
162
17
1
150
119
12
40
5
65
6
138
87
28
152
141
159
119
24
13
13
106
99
1
34
36
138
73
187
71
80
147
57
165
50
17
10
139
188
79
36
64
94
11
154
24
117
22
119
143
32
121
145
166
54
121
132
148
115
150
37
155
62
193
126
42
63
63
105
66
182
114
75
23
37
164
130
10
12
123
190
129
90
95
87
102
54
45
8
55
181
116
81
168
164
189
187
85
151
79
60
155
186
170
97
117
166
160
163
75
32
67
128
153
52
178
40
55
117
5
112
46
46
119
153
3
124
85
187
17
181
188
78
196
163
112
17
